0.24253201484680176
0.48670506477355957
0.7301478385925293
0.974419116973877
1.2192552089691162
1.4645226001739502
1.709956169128418
1.9562606811523438
2.201091766357422
2.445237636566162
2.689227342605591
2.9351463317871094
3.180534839630127
3.4257514476776123
3.6701557636260986
3.9136016368865967
4.157133102416992
4.402268648147583
4.6477649211883545
4.8914172649383545
5.137273788452148
5.382109880447388
5.6274354457855225
5.871053457260132
6.115300416946411
6.359891414642334
6.605530261993408
6.850483179092407
7.094753742218018
7.338227987289429
7.581921100616455
7.826205015182495
8.071402311325073
8.316298007965088
8.560383319854736
8.8041672706604
9.0491783618927
9.294211626052856
9.540075778961182
9.78401517868042
10.028429985046387
10.273216247558594
10.51812744140625
10.76185941696167
11.005975008010864
11.25078296661377
11.495337724685669
11.739222288131714
11.983572483062744
12.228708505630493
12.474527835845947
12.71831226348877
12.962188482284546
13.20747971534729
13.452129125595093
13.69572138786316
13.939582347869873
14.18451976776123
14.42986249923706
14.673693656921387
14.918102025985718
15.162763833999634
15.40652847290039
15.65041995048523
15.895745515823364
16.140243768692017
16.384387969970703
16.628668069839478
16.873217821121216
17.11733317375183
17.36080813407898
17.606199979782104
17.850522756576538
18.09476590156555
18.33853793144226
18.584216594696045
18.82892608642578
19.07289433479309
19.317153692245483
19.56221103668213
19.80721402168274
20.052584886550903
20.29638934135437
20.541632175445557
20.78644323348999
21.030611276626587
21.27444863319397
21.519551992416382
21.765277862548828
22.009493350982666
22.25338912010193
22.49955654144287
22.74384570121765
22.987725973129272
23.23128366470337
23.47652292251587
23.720496892929077
23.964458227157593
24.208715200424194
24.454216480255127
24.698307991027832
24.942147970199585
25.187095642089844
25.431336641311646
25.675475597381592
25.91954731941223
26.164645671844482
26.409241914749146
26.653841495513916
26.89756155014038
27.14295244216919
27.38697338104248
27.63081955909729
27.87507915496826
28.120243549346924
28.363937377929688
28.6075382232666
28.852476835250854
29.09720516204834
29.341931104660034
29.586495399475098
29.83063578605652
30.07462787628174
30.319411993026733
30.5647029876709
30.80929946899414
31.05363631248474
31.29784083366394
31.543335676193237
31.788344860076904
32.03263998031616
32.2762713432312
32.52122974395752
32.765971660614014
33.00980019569397
33.25372910499573
33.49885177612305
33.742969036102295
33.986953020095825
34.232741594314575
34.4779691696167
34.721816301345825
34.96632528305054
35.21054458618164
35.45517182350159
35.69917440414429
35.94534254074097
36.19025278091431
36.43388080596924
36.67804265022278
36.92287540435791
37.16718649864197
37.411030292510986
37.65495157241821
37.90031147003174
38.14580178260803
38.38943433761597
38.63330936431885
38.87853765487671
39.12352705001831
39.36794376373291
39.61180806159973
39.85681653022766
40.100998401641846
40.344669342041016
40.58903169631958
40.83378577232361
41.0778923034668
41.321234703063965
41.56535840034485
41.81054472923279
42.05502414703369
42.298261642456055
42.543824434280396
42.78883385658264
43.033727407455444
43.27740287780762
43.52271056175232
43.7672336101532
44.012765407562256
44.25647711753845
44.5012743473053
44.74612545967102
44.99135088920593
45.23556685447693
45.4798800945282
45.72469663619995
45.96901059150696
46.212536573410034
46.4565703868866
46.70124793052673
46.94510793685913
47.18909192085266
47.43404507637024
47.678396463394165
47.92349052429199
48.16786336898804
48.41145467758179
48.65509581565857
48.89914059638977
49.144315242767334
49.38894081115723
49.63287663459778
49.877633571624756
50.123061418533325
50.36680841445923
50.61059880256653
50.85521364212036
51.10071802139282
51.34482192993164
51.58849763870239
51.83356070518494
52.078147649765015
52.322229862213135
52.5665009021759
52.811270236968994
53.05577778816223
53.29969930648804
53.544010162353516
53.78893494606018
54.03421688079834
54.27814984321594
54.52238607406616
54.76735258102417
55.01254224777222
55.25601649284363
55.50002884864807
55.744550943374634
55.98899173736572
56.23318576812744
56.47735619544983
56.72184109687805
56.96540546417236
57.20939826965332
57.45587182044983
57.700584411621094
57.94475197792053
58.191113233566284
58.436492681503296
58.68266534805298
58.92681670188904
59.170870542526245
59.41658067703247
59.66111159324646
59.904730796813965
60.148648500442505
60.393306016922
60.63821458816528
60.88166165351868
61.125786542892456
61.37115550041199
61.61637878417969
61.8603949546814
62.10527992248535
62.350112199783325
62.59631133079529
62.841691732406616
63.08770728111267
63.3325457572937
63.57781529426575
63.82260704040527
64.06815385818481
64.31230568885803
64.55641174316406
64.80086970329285
65.04527568817139
65.2892472743988
65.53376317024231
65.77995753288269
66.02481889724731
66.26903033256531
66.51323866844177
66.75831818580627
67.00257062911987
67.24679780006409
67.49079656600952
67.73622584342957
67.98104476928711
68.2249391078949
68.46907091140747
68.71377468109131
68.95942878723145
69.2036464214325
69.4484007358551
69.69386267662048
69.93845009803772
70.18232154846191
70.42775082588196
70.6723165512085
70.91599893569946
71.15991401672363
71.40491366386414
71.64949011802673
71.89312696456909
72.1372537612915
72.38191509246826
72.62745594978333
72.87117171287537
73.11516571044922
73.36028671264648
73.6055338382721
73.84969925880432
74.09355759620667
74.33883905410767
74.58319592475891
74.82657933235168
75.07072973251343
75.31696557998657
75.5615644454956
75.80545401573181
76.04949116706848
76.29318690299988
76.53760623931885
76.78271865844727
77.02752470970154
77.27104067802429
77.51476716995239
77.75967240333557
78.00503849983215
78.24884939193726
78.49248170852661
78.7367811203003
78.98169708251953
79.22575998306274
79.47001671791077
79.71526908874512
79.96021342277527
80.20406818389893
80.44811344146729
80.69351887702942
80.93847441673279
81.18222332000732
81.4261224269867
81.6712167263031
81.9165952205658
82.16021776199341
82.40408134460449
82.64886450767517
82.89391303062439
83.13758087158203
83.38116598129272
83.62612533569336
83.87106585502625
84.11551690101624
84.36049294471741
84.60595726966858
84.85059118270874
85.09466052055359
85.33860492706299
85.58360028266907
85.82747983932495
86.0714521408081
86.31535696983337
86.56044721603394
86.80397939682007
87.04784679412842
87.29292249679565
87.53804898262024
87.78193187713623
88.02555775642395
88.27091908454895
88.5164122581482
88.7603600025177
89.00567889213562
89.24976348876953
89.4938895702362
89.73786735534668
89.98352789878845
90.22857689857483
90.47268843650818
90.7163028717041
90.96180748939514
91.20654129981995
91.45105338096619
91.69481444358826
91.9396960735321
92.18388867378235
92.42759108543396
92.67158532142639
92.91717314720154
93.16237831115723
93.4065191745758
93.65065360069275
93.8953709602356
94.14009761810303
94.38456320762634
94.62839984893799
94.87323832511902
95.11887264251709
95.36260175704956
95.60669803619385
95.85107111930847
96.09590578079224
96.3392825126648
96.58341979980469
96.82918882369995
97.07412362098694
97.31799840927124
97.56214356422424
97.80665564537048
98.0523111820221
98.2959930896759
98.54043078422546
98.78484988212585
99.02922248840332
99.27309203147888
99.51889872550964
99.76367926597595
100.00763010978699
100.2514898777008
100.49675703048706
100.7408082485199
100.9849841594696
101.2287290096283
101.47441911697388
101.71833896636963
101.96220564842224
102.20609140396118
102.45083951950073
102.69636154174805
102.94037532806396
103.18426656723022
103.42791295051575
103.67259049415588
103.91775441169739
104.16268110275269
104.40751886367798
104.65127372741699
104.89569926261902
105.14198875427246
105.38566446304321
105.62959146499634
105.87516140937805
106.11984634399414
106.36377716064453
106.60770273208618
106.85313105583191
107.09783983230591
107.34116458892822
107.58621788024902
107.83094835281372
108.07577419281006
108.31941056251526
108.56344699859619
108.80825090408325
109.05332040786743
109.29860472679138
109.54314517974854
109.78768014907837
110.03262495994568
110.2762246131897
110.52048826217651
110.7652633190155
111.01041102409363
111.25427961349487
111.49814033508301
111.74339818954468
111.98830842971802
112.23260354995728
112.47715044021606
112.72209095954895
112.9669394493103
113.21052885055542
113.45491123199463
113.69988012313843
113.94530439376831
114.18903851509094
114.43333005905151
114.67819809913635
114.92245221138
115.16611695289612
115.41004800796509
115.65438437461853
115.89805507659912
116.14192962646484
116.38759708404541
116.63230967521667
116.87593460083008
117.1203236579895
117.36463356018066
117.60867953300476
117.85281443595886
118.09785890579224
118.34281039237976
118.58651328086853
118.83019375801086
119.07591438293457
119.32087635993958
119.56523823738098
119.80950570106506
120.05539870262146
120.30016946792603
120.54436564445496
120.78820705413818
121.03336524963379
121.27800679206848
121.52162909507751
121.76555705070496
122.01078939437866
122.25473833084106
122.49912071228027
122.74285387992859
122.98869061470032
123.23293352127075
123.47694325447083
123.72079801559448
123.96555304527283
124.20933818817139
124.45433974266052
124.69909691810608
124.94320487976074
125.18677878379822
125.43078064918518
125.67525577545166
125.91879105567932
126.16271710395813
126.40758275985718
126.65203356742859
126.89554405212402
127.13947081565857
127.38457489013672
127.62982559204102
127.87357091903687
128.11746263504028
128.36212515830994
128.60776352882385
128.85184717178345
129.09581756591797
129.34099459648132
129.58565545082092
129.8293957710266
130.07498908042908
130.31939435005188
130.56356596946716
130.80722761154175
131.05249762535095
131.29755568504333
131.54248929023743
131.78624200820923
132.03040051460266
132.2753188610077
132.51986408233643
132.7638967037201
133.0083291530609
133.25320649147034
133.49826979637146
133.74216723442078
133.98637866973877
134.2317590713501
134.47732424736023
134.72094631195068
134.96491837501526
135.2100625038147
135.4545726776123
135.6980209350586
135.94245886802673
136.187833070755
136.4327118396759
136.6765592098236
136.92007064819336
137.16512036323547
137.40964818000793
137.65347337722778
137.89704418182373
138.1424822807312
138.3863503932953
138.6303026676178
138.87427425384521
139.11902403831482
139.36343955993652
139.60703682899475
139.8519423007965
140.09673643112183
140.34026408195496
140.58506321907043
140.83087348937988
141.0760281085968
141.3194797039032
141.56369018554688
141.80861401557922
142.05494904518127
142.2994966506958
142.54340505599976
142.78814125061035
143.03288412094116
143.27683115005493
143.52071905136108
143.7664897441864
144.0111527442932
144.25494122505188
144.49926447868347
144.74306225776672
144.9872567653656
145.23199677467346
145.47690534591675
145.7207634449005
145.96484899520874
146.20963430404663
146.4548797607422
146.69840502738953
146.9421842098236
147.18737316131592
147.43202114105225
147.67580127716064
147.91973543167114
148.16461443901062
148.41012382507324
148.65539145469666
148.89917874336243
149.14301705360413
149.38841938972473
149.63240694999695
149.87615728378296
150.12022852897644
150.36461567878723
150.60824012756348
150.8522870540619
151.09722876548767
151.34253239631653
151.58707308769226
151.8305468559265
152.07394814491272
152.318834066391
152.56558275222778
152.80935835838318
153.053062915802
153.29739427566528
153.5425271987915
153.78658652305603
154.0307240486145
154.2754521369934
154.52060961723328
154.7643928527832
155.00840592384338
155.2533688545227
155.49853515625
155.7425434589386
155.98670601844788
156.23189735412598
156.4764699935913
156.71999740600586
156.96419882774353
157.20905256271362
157.45521450042725
157.70033359527588
157.94428133964539
158.18808341026306
158.43164896965027
158.6755871772766
158.92081379890442
159.16583585739136
159.41008758544922
159.65396356582642
159.89926147460938
160.14386081695557
160.38777351379395
160.63159608840942
160.87656354904175
161.12076425552368
161.3644413948059
161.6084325313568
161.8531050682068
162.09793543815613
162.34144020080566
162.58528685569763
162.83032512664795
163.07571291923523
163.31937551498413
163.5634250640869
163.8081018924713
164.05260848999023
164.29647827148438
164.54078078269958
164.7855007648468
165.0307457447052
165.27438974380493
165.51847648620605
165.76360392570496
166.0084743499756
166.25189471244812
166.49588894844055
166.74073123931885
166.98619484901428
167.2296826839447
167.47356796264648
167.717946767807
167.96295976638794
168.2068953514099
168.4510440826416
168.69568467140198
168.9398422241211
169.18407535552979
169.42867136001587
169.67376351356506
169.91982173919678
170.16416263580322
170.40837264060974
170.65241861343384
170.89715886116028
171.1414430141449
171.3849561214447
171.62943863868713
171.87537789344788
172.119779586792
172.3639121055603
172.60800790786743
172.85173964500427
173.09702324867249
173.34211206436157
173.5871605873108
173.83089637756348
174.0760772228241
174.3217396736145
174.56683444976807
174.81049799919128
175.05488443374634
175.29941987991333
175.54486656188965
175.78868079185486
176.03290510177612
176.27801084518433
176.5227382183075
176.76679730415344
177.01067113876343
177.2561285495758
177.50063133239746
177.74454951286316
177.98867893218994
178.2336847782135
178.4785668849945
178.7220606803894
178.96608543395996
179.2110071182251
179.45708990097046
179.700679063797
179.944819688797
180.1897578239441
180.4339714050293
180.67803049087524
180.92183089256287
181.1666362285614
181.4110882282257
181.65498733520508
181.89909529685974
182.1444547176361
182.38853216171265
182.6323688030243
182.87656092643738
183.1224284172058
183.36675190925598
183.61042046546936
183.8548231124878
184.10072565078735
184.3467936515808
184.5925633907318
184.8383548259735
185.08288168907166
185.32767629623413
185.57336282730103
185.81898665428162
186.06295037269592
186.30680084228516
186.55172729492188
186.7958540916443
187.0401656627655
187.2853446006775
187.53093552589417
187.7756152153015
188.0192210674286
188.26247191429138
188.50751042366028
188.7506926059723
188.9943335056305
189.23906660079956
189.48434734344482
189.7274968624115
189.9705789089203
190.21491622924805
190.46095633506775
190.70562720298767
190.95011043548584
191.19300889968872
191.4367916584015
191.68200874328613
191.92701506614685
192.1709578037262
192.4142119884491
192.65724754333496
192.90229272842407
193.14711046218872
193.391010761261
193.63396096229553
193.87740755081177
194.1232304573059
194.36862421035767
194.61215353012085
194.85527515411377
195.099027633667
195.34390091896057
195.58931374549866
195.83296704292297
196.07656979560852
196.32019352912903
196.5661644935608
196.81104588508606
197.0547456741333
197.29782271385193
197.54226422309875
197.78802704811096
198.03323316574097
198.27700281143188
198.5202832221985
198.76424837112427
199.00945711135864
199.2547323703766
199.49958848953247
199.74264764785767
199.98622274398804
200.23178577423096
200.47542786598206
200.7187945842743
200.96211743354797
201.207622051239
201.45139384269714
201.6945345401764
201.93807220458984
202.18283987045288
202.42701935768127
202.67000675201416
202.914409160614
203.15973448753357
203.4035677909851
203.64695954322815
203.89011883735657
204.1350302696228
204.38059496879578
204.62362408638
204.86720776557922
205.11145281791687
205.3548994064331
205.59851932525635
205.8416929244995
206.087219953537
206.33331871032715
206.57717084884644
206.82019567489624
207.06374073028564
207.30918097496033
207.55356693267822
207.79689025878906
208.04043436050415
208.28549456596375
208.5310468673706
208.7740330696106
209.01776432991028
209.26110434532166
209.50631070137024
209.7513792514801
209.99569439888
210.2388026714325
210.48250460624695
210.72732496261597
210.97204089164734
211.21706700325012
211.46281576156616
211.70825219154358
211.95401859283447
212.19728827476501
212.44056129455566
212.68565583229065
212.93000864982605
213.17301750183105
213.41639614105225
213.66111421585083
213.90606665611267
214.1503438949585
214.39438033103943
214.6376473903656
214.88287091255188
215.126699924469
215.37002730369568
215.61307048797607
215.85810470581055
216.1031849384308
216.34829592704773
216.59213542938232
216.83526039123535
217.07906317710876
217.32428240776062
217.5700023174286
217.81376814842224
218.05731201171875
218.30081987380981
218.54667448997498
218.79124450683594
219.03682851791382
219.28187370300293
219.5262095928192
219.76936292648315
220.01326847076416
220.25858402252197
220.5038721561432
220.74893474578857
220.99428987503052
221.23944973945618
221.48482871055603
221.7283046245575
221.9718382358551
222.21501398086548
222.4610710144043
222.7043914794922
222.9476237297058
223.19195413589478
223.4375138282776
223.68158268928528
223.92473602294922
224.16790175437927
224.4129946231842
224.65626788139343
224.89982533454895
225.14424753189087
225.38787198066711
225.63125205039978
225.87478280067444
226.1197910308838
226.36620259284973
226.6097640991211
226.85301613807678
227.0964903831482
227.34148144721985
227.5858039855957
227.8287317752838
228.07219219207764
228.31695556640625
228.560800075531
228.80411887168884
229.04777312278748
229.29335260391235
229.53759694099426
229.78087520599365
230.0244495868683
230.26929116249084
230.51501965522766
230.758056640625
231.00148797035217
231.24488139152527
231.49032330513
231.73529958724976
231.97877597808838
232.22186470031738
232.46557354927063
232.71022534370422
232.9554648399353
233.19873809814453
233.44199109077454
233.68572998046875
233.93095564842224
234.1773121356964
234.42177605628967
234.66654777526855
234.91176009178162
235.15617871284485
235.4009153842926
235.64401841163635
235.88899850845337
236.1326515674591
236.37628436088562
236.62035465240479
236.86579704284668
237.10982990264893
237.35343718528748
237.59693813323975
237.84196162223816
238.08794045448303
238.33179354667664
238.57568836212158
238.82081294059753
239.0664713382721
239.3122913837433
239.5582926273346
239.8033275604248
240.0475001335144
240.29156970977783
240.53640723228455
240.779718875885
241.02342224121094
241.266943693161
241.51203846931458
241.75795531272888
242.00198602676392
242.2460479736328
242.4918782711029
242.73533082008362
242.97901320457458
243.22372817993164
243.46817708015442
243.7113926410675
243.95499348640442
244.20023918151855
244.44474577903748
244.68772864341736
244.93108892440796
245.17709875106812
245.4207947254181
245.6645691394806
245.90771389007568
246.15223479270935
246.39672660827637
246.6398651599884
246.88329553604126
247.12841057777405
247.3718090057373
247.6150619983673
247.8584496974945
248.1038327217102
248.34815096855164
248.59136867523193
248.83473944664001
249.07988786697388
249.32508301734924
249.5690107345581
249.81244015693665
250.0557255744934
250.30111932754517
250.54640555381775
250.79160451889038
251.03746438026428
251.2837872505188
251.53201460838318
251.7761640548706
252.0205054283142
252.26420974731445
252.50979495048523
252.75339484214783
252.99668955802917
