0.63
0.63
0.63
0.6
0.63
0.6
0.6
0.63
0.6
0.63
0.63
0.63
0.63
0.63
0.63
0.63
0.63
0.6
0.6
0.6
0.63
0.63
0.63
0.63
0.6
0.6
0.63
0.63
0.63
0.63
0.63
0.63
0.63
0.63
0.63
0.63
0.63
0.6
0.63
0.63
0.65
0.63
0.63
0.63
0.63
0.63
0.63
0.63
0.63
0.65
0.63
0.65
0.63
0.63
0.65
0.65
0.63
0.63
0.65
0.65
0.65
0.63
0.65
0.65
0.65
0.65
0.63
0.65
0.65
0.65
0.65
0.65
0.65
0.65
0.65
0.65
0.65
0.65
0.65
0.65
0.65
0.68
0.65
0.65
0.65
0.65
0.68
0.65
0.65
0.65
0.68
0.65
0.68
0.65
0.65
0.65
0.68
0.65
0.68
0.68
0.65
0.68
0.68
0.68
0.68
0.68
0.68
0.68
0.68
0.68
0.68
0.68
0.68
0.68
0.68
0.68
0.68
0.68
0.68
0.68
0.68
0.68
0.68
0.7
0.7
0.68
0.68
0.68
0.7
0.68
0.7
0.7
0.68
0.7
0.68
0.7
0.7
0.7
0.7
0.7
0.7
0.68
0.7
0.7
0.7
0.68
0.7
0.7
0.7
0.68
0.7
0.7
0.7
0.7
0.7
0.7
0.7
0.7
0.73
0.7
0.7
0.7
0.7
0.7
0.7
0.7
0.7
0.7
0.7
0.7
0.7
0.7
0.7
0.7
0.7
0.73
0.7
0.7
0.73
0.7
0.73
0.73
0.7
0.7
0.73
0.73
0.73
0.73
0.73
0.73
0.73
0.73
0.73
0.73
0.73
0.73
0.73
0.76
0.73
0.73
0.7
0.73
0.7
0.73
0.73
0.73
0.73
0.7
0.73
0.73
0.73
0.73
0.76
0.73
0.73
0.73
0.73
0.76
0.73
0.76
0.76
0.73
0.76
0.73
0.76
0.76
0.76
0.76
0.76
0.73
0.76
0.76
0.76
0.76
0.76
0.76
0.76
0.76
0.76
0.76
0.76
0.76
0.76
0.76
0.76
0.76
0.76
0.76
0.76
0.76
0.73
0.76
0.78
0.76
0.76
0.76
0.76
0.76
0.78
0.76
0.76
0.76
0.78
0.76
0.76
0.76
0.76
0.76
0.78
0.76
0.76
0.78
0.76
0.76
0.78
0.76
0.78
0.78
0.78
0.78
0.78
0.78
0.81
0.78
0.78
0.78
0.78
0.78
0.78
0.78
0.78
0.78
0.78
0.78
0.78
0.78
0.78
0.78
0.78
0.76
0.78
0.78
0.81
0.81
0.81
0.81
0.78
0.81
0.81
0.78
0.81
0.81
0.81
0.81
0.81
0.81
0.81
0.81
0.81
0.81
0.81
0.81
0.81
0.81
0.81
0.81
0.81
0.83
0.78
0.81
0.81
0.81
0.81
0.81
0.81
0.81
0.81
0.81
0.81
0.83
0.81
0.81
0.81
0.83
0.81
0.83
0.81
0.81
0.83
0.83
0.81
0.81
0.81
0.81
0.83
0.81
0.81
0.83
0.83
0.83
0.83
0.83
0.81
0.83
0.83
0.83
0.83
0.83
0.83
0.83
0.83
0.81
0.83
0.83
0.83
0.83
0.83
0.83
0.83
0.83
0.83
0.86
0.83
0.83
0.83
0.83
0.83
0.83
0.83
0.86
0.86
0.83
0.86
0.83
0.86
0.83
0.86
0.86
0.83
0.86
0.86
0.86
0.86
0.86
0.86
0.86
0.86
0.86
0.86
0.86
0.86
0.86
0.86
0.86
0.86
0.86
0.86
0.86
0.86
0.86
0.86
0.86
0.88
0.86
0.88
0.88
0.88
0.0
0.0
0.01
0.01
0.01
0.01
0.01
0.01
0.01
0.01
0.01
0.01
0.01
0.01
0.01
0.01
0.01
0.01
0.01
0.01
0.01
0.01
0.01
0.01
0.01
0.03
0.01
0.03
0.03
0.01
0.03
0.03
0.01
0.03
0.01
0.01
0.03
0.03
0.03
0.03
0.03
0.03
0.03
0.03
0.03
0.03
0.03
0.03
0.03
0.06
0.03
0.03
0.03
0.03
0.06
0.03
0.03
0.06
0.03
0.03
0.03
0.06
0.03
0.03
0.03
0.03
0.03
0.06
0.06
0.06
0.06
0.03
0.03
0.06
0.06
0.06
0.06
0.06
0.06
0.06
0.06
0.06
0.06
0.06
0.06
0.06
0.06
0.06
0.06
0.06
0.06
0.09
0.09
0.09
0.06
0.09
0.09
0.09
0.06
0.09
0.09
0.09
0.09
0.06
0.09
0.09
0.06
0.09
0.09
0.09
0.09
0.06
0.09
0.09
0.09
0.09
0.09
0.09
0.09
0.09
0.09
0.09
0.09
0.09
0.09
0.09
0.09
0.09
0.09
0.09
0.09
0.09
0.09
0.09
0.11
0.09
0.09
0.11
0.11
0.11
0.11
0.11
0.11
0.11
0.09
0.11
0.11
0.11
0.09
0.09
0.11
0.11
0.11
0.14
0.14
0.11
0.11
0.11
0.11
0.11
0.11
0.11
0.11
0.11
0.14
0.14
0.11
0.11
0.11
0.11
0.14
0.11
0.14
0.14
0.14
0.11
0.14
0.14
0.11
0.14
0.14
0.14
0.11
0.14
0.14
0.14
0.14
0.14
0.11
0.14
0.14
0.14
0.14
0.14
0.14
0.14
0.14
0.14
0.14
0.14
0.14
0.16
0.14
0.14
0.16
0.14
0.14
0.14
0.16
0.16
0.14
0.16
0.14
0.16
0.16
0.14
0.16
0.16
0.16
0.16
0.16
0.16
0.16
0.14
0.16
0.16
0.16
0.16
0.16
0.16
0.16
0.16
0.16
0.16
0.16
0.16
0.19
0.16
0.19
0.19
0.16
0.19
0.19
0.19
0.16
0.16
0.16
0.16
0.16
0.19
0.19
0.16
0.16
0.19
0.19
0.16
0.19
0.19
0.19
0.19
0.19
0.19
0.19
0.19
0.19
0.19
0.19
0.19
0.19
0.19
0.19
0.19
0.19
0.19
0.19
0.19
0.19
0.19
0.19
0.21
0.19
0.19
0.21
0.19
0.19
0.19
0.19
0.19
0.19
0.19
0.21
0.19
0.21
0.19
0.21
0.19
0.19
0.21
0.21
0.19
0.21
0.21
0.19
0.21
0.21
0.21
0.21
0.19
0.21
0.21
0.21
0.21
0.21
0.21
0.21
0.21
0.21
0.21
0.21
0.24
0.21
0.21
0.21
0.21
0.21
0.21
0.21
0.21
0.24
0.21
0.21
0.24
0.24
0.24
0.21
0.24
0.24
0.21
0.21
0.24
0.24
0.21
0.21
0.24
0.24
0.24
0.24
0.24
0.24
0.24
0.24
0.24
0.24
0.24
0.24
0.24
0.24
0.24
0.24
0.24
0.24
0.24
0.24
0.27
0.27
0.27
0.24
0.24
0.24
0.27
0.27
0.24
0.27
0.27
0.27
0.27
0.27
0.27
0.27
0.27
0.27
0.24
0.27
0.27
0.27
0.27
0.27
0.27
0.27
0.27
0.27
0.27
0.27
0.29
0.27
0.29
0.27
0.29
0.27
0.27
0.27
0.29
0.27
0.27
0.29
0.27
0.27
0.27
0.27
0.29
0.29
0.27
0.29
0.29
0.29
0.27
0.29
0.29
0.29
0.29
0.29
0.29
0.29
0.27
0.27
0.29
0.29
0.29
0.29
0.29
0.29
0.29
0.29
0.29
0.29
0.29
0.29
0.29
0.29
0.29
0.29
0.29
0.32
0.29
0.32
0.32
0.32
0.32
0.29
0.29
0.29
0.32
0.32
0.29
0.29
0.29
0.29
0.32
0.32
0.32
0.29
0.32
0.29
0.29
0.32
0.32
0.32
0.32
0.32
0.32
0.32
0.32
0.32
0.32
0.32
0.32
0.32
0.32
0.32
0.32
0.32
0.34
0.32
0.32
0.34
0.32
0.34
0.32
0.34
0.34
0.32
0.34
0.32
0.32
0.32
0.34
0.34
0.34
0.34
0.34
0.34
0.32
0.34
0.34
0.34
0.34
0.34
0.34
0.34
0.34
0.34
0.34
0.32
0.34
0.34
0.34
0.37
0.37
0.34
0.34
0.34
0.34
0.34
0.34
0.34
0.37
0.34
0.34
0.34
0.34
0.37
0.34
0.34
0.37
0.37
0.34
0.37
0.37
0.37
0.37
0.37
0.37
0.37
0.37
0.37
0.37
0.34
0.34
0.37
0.37
0.37
0.34
0.37
0.37
0.37
0.37
0.37
0.37
0.39
0.37
0.37
0.39
0.37
0.34
0.39
0.37
0.37
0.39
0.37
0.37
0.39
0.37
0.39
0.39
0.39
0.39
0.37
0.39
0.39
0.39
0.39
0.39
0.39
0.42
0.39
0.39
0.39
0.39
0.39
0.39
0.37
0.37
0.39
0.39
0.39
0.39
0.39
0.39
0.39
0.39
0.39
0.39
0.39
0.39
0.39
0.39
0.42
0.39
